ws: 81958.05284514267
ws_p1: 3029.3886620009557
ws_p2: 12954.66493555663
ws_p3: 8715.138271753123
ws_p4: 20697.054267517393
ws_p5: 34824.166572174916
ws_p6: 1737.640136139643
