ws: 50217.608536172855
ws_p1: 1087.1111830593622
ws_p2: 10866.232309894178
ws_p3: 13339.914958591515
ws_p4: 13160.951487684622
ws_p5: 10245.622248725711
ws_p6: 1517.7763482174612
